0    94.89     0.06
1    94.82     0.11
2    94.75     0.16
3    94.68     0.21
4    94.60     0.26
5    94.53     0.31
6    94.46     0.36
7    94.39     0.41
8    94.32     0.46
9    94.25     0.51
10    94.17     0.56
11    94.10     0.62
12    94.03     0.67
13    93.95     0.72
14    93.88     0.77
15    93.81     0.82
16    93.73     0.87
17    93.66     0.92
18    93.58     0.97
19    93.51     1.03
20    93.43     1.08
21    93.36     1.13
22    93.28     1.18
23    93.20     1.23
24    93.13     1.28
25    93.05     1.34
26    92.97     1.39
27    92.90     1.44
28    92.82     1.49
29    92.74     1.54
30    92.66     1.60
31    92.59     1.65
32    92.51     1.70
33    92.43     1.75
34    92.35     1.80
35    92.27     1.86
36    92.19     1.91
37    92.11     1.96
38    92.03     2.01
39    91.95     2.07
40    91.87     2.12
41    91.79     2.17
42    91.70     2.22
43    91.62     2.28
44    91.54     2.33
45    91.46     2.38
46    91.37     2.43
47    91.29     2.49
48    91.21     2.54
49    91.12     2.59
50    91.04     2.64
51    90.96     2.70
52    90.87     2.75
53    90.79     2.80
54    90.70     2.86
55    90.62     2.91
56    90.53     2.96
57    90.44     3.02
58    90.36     3.07
59    90.27     3.12
60    90.18     3.18
61    90.09     3.23
62    90.01     3.28
63    89.92     3.34
64    89.83     3.39
65    89.74     3.44
66    89.65     3.50
67    89.56     3.55
68    89.47     3.60
69    89.38     3.66
70    89.29     3.71
71    89.20     3.77
72    89.11     3.82
73    89.02     3.87
74    88.93     3.93
75    88.83     3.98
76    88.74     4.03
77    88.65     4.09
78    88.55     4.14
79    88.46     4.20
80    88.37     4.25
81    88.27     4.31
82    88.18     4.36
83    88.08     4.41
84    87.99     4.47
85    87.89     4.52
86    87.79     4.58
87    87.70     4.63
88    87.60     4.69
89    87.50     4.74
90    87.40     4.79
91    87.31     4.85
92    87.21     4.90
93    87.11     4.96
94    87.01     5.01
95    86.91     5.07
96    86.81     5.12
97    86.71     5.18
98    86.61     5.23
99    86.51     5.29
100    86.40     5.34
101    86.30     5.40
102    86.20     5.45
103    86.10     5.51
104    85.99     5.56
105    85.89     5.62
106    85.79     5.67
107    85.68     5.73
108    85.58     5.78
109    85.47     5.84
110    85.37     5.89
111    85.26     5.95
112    85.15     6.00
113    85.05     6.06
114    84.94     6.11
115    84.83     6.17
116    84.72     6.22
117    84.61     6.28
118    84.51     6.33
119    84.40     6.39
120    84.29     6.44
121    84.18     6.50
122    84.06     6.55
123    83.95     6.61
124    83.84     6.66
125    83.73     6.72
126    83.62     6.78
127    83.50     6.83
128    83.39     6.89
129    83.28     6.94
130    83.16     7.00
131    83.05     7.05
132    82.93     7.11
133    82.82     7.16
134    82.70     7.22
135    82.58     7.28
136    82.47     7.33
137    82.35     7.39
138    82.23     7.44
139    82.11     7.50
140    81.99     7.55
141    81.87     7.61
142    81.75     7.66
143    81.63     7.72
144    81.51     7.78
145    81.39     7.83
146    81.27     7.89
147    81.15     7.94
148    81.03     8.00
149    80.90     8.05
150    80.78     8.11
151    80.66     8.17
152    80.53     8.22
153    80.41     8.28
154    80.28     8.33
155    80.15     8.39
156    80.03     8.44
157    79.90     8.50
158    79.77     8.56
159    79.64     8.61
160    79.52     8.67
161    79.39     8.72
162    79.26     8.78
163    79.13     8.83
164    79.00     8.89
165    78.87     8.94
166    78.73     9.00
167    78.60     9.05
168    78.47     9.11
169    78.34     9.17
170    78.20     9.22
171    78.07     9.28
172    77.93     9.33
173    77.80     9.39
174    77.66     9.44
175    77.53     9.50
176    77.39     9.55
177    77.25     9.61
178    77.11     9.66
179    76.98     9.72
180    76.84     9.77
181    76.70     9.83
182    76.56     9.88
183    76.42     9.94
184    76.28     9.99
185    76.13    10.05
186    75.99    10.10
187    75.85    10.16
188    75.71    10.21
189    75.56    10.27
190    75.42    10.32
191    75.27    10.38
192    75.13    10.43
193    74.98    10.49
194    74.83    10.54
195    74.69    10.59
196    74.54    10.65
197    74.39    10.70
198    74.24    10.76
199    74.09    10.81
200    73.94    10.86
201    73.79    10.92
202    73.64    10.97
203    73.49    11.03
204    73.34    11.08
205    73.18    11.13
206    73.03    11.19
207    72.88    11.24
208    72.72    11.29
209    72.57    11.35
210    72.41    11.40
211    72.26    11.45
212    72.10    11.51
213    71.94    11.56
214    71.78    11.61
215    71.62    11.67
216    71.47    11.72
217    71.31    11.77
218    71.15    11.82
219    70.98    11.88
220    70.82    11.93
221    70.66    11.98
222    70.50    12.03
223    70.33    12.08
224    70.17    12.14
225    70.01    12.19
226    69.84    12.24
227    69.68    12.29
228    69.51    12.34
229    69.34    12.39
230    69.18    12.44
231    69.01    12.49
232    68.84    12.54
233    68.67    12.60
234    68.50    12.65
235    68.33    12.70
236    68.16    12.75
237    67.99    12.80
238    67.82    12.85
239    67.64    12.90
240    67.47    12.95
241    67.30    13.00
242    67.12    13.04
243    66.95    13.09
244    66.77    13.14
245    66.59    13.19
246    66.42    13.24
247    66.24    13.29
248    66.06    13.34
249    65.88    13.38
250    65.71    13.43
251    65.53    13.48
252    65.34    13.53
253    65.16    13.58
254    64.98    13.62
255    64.80    13.67
256    64.62    13.72
257    64.43    13.76
258    64.25    13.81
259    64.07    13.86
260    63.88    13.90
261    63.70    13.95
262    63.51    13.99
263    63.32    14.04
264    63.14    14.08
265    62.95    14.13
266    62.76    14.17
267    62.57    14.22
268    62.38    14.26
269    62.19    14.31
270    62.00    14.35
271    61.81    14.39
272    61.62    14.44
273    61.42    14.48
274    61.23    14.52
275    61.04    14.56
276    60.84    14.61
277    60.65    14.65
278    60.45    14.69
279    60.26    14.73
280    60.06    14.77
281    59.86    14.81
282    59.67    14.85
283    59.47    14.89
284    59.27    14.93
285    59.07    14.97
286    58.87    15.01
287    58.67    15.05
288    58.47    15.09
289    58.27    15.13
290    58.07    15.17
291    57.86    15.21
292    57.66    15.25
293    57.46    15.28
294    57.25    15.32
295    57.05    15.36
296    56.85    15.39
297    56.64    15.43
298    56.43    15.47
299    56.23    15.50
300    56.02    15.54
301    55.81    15.57
302    55.61    15.61
303    55.40    15.64
304    55.19    15.68
305    54.98    15.71
306    54.77    15.74
307    54.56    15.78
308    54.35    15.81
309    54.14    15.84
310    53.93    15.87
311    53.71    15.90
312    53.50    15.94
313    53.29    15.97
314    53.07    16.00
315    52.86    16.03
316    52.65    16.06
317    52.43    16.09
318    52.22    16.12
319    52.00    16.14
320    51.79    16.17
321    51.57    16.20
322    51.35    16.23
323    51.13    16.25
324    50.92    16.28
325    50.70    16.31
326    50.48    16.33
327    50.26    16.36
328    50.04    16.38
329    49.82    16.41
330    49.60    16.43
331    49.38    16.46
332    49.16    16.48
333    48.94    16.50
334    48.72    16.53
335    48.50    16.55
336    48.28    16.57
337    48.06    16.59
338    47.83    16.61
339    47.61    16.64
340    47.39    16.66
341    47.16    16.68
342    46.94    16.69
343    46.72    16.71
344    46.49    16.73
345    46.27    16.75
346    46.04    16.77
347    45.82    16.79
348    45.59    16.80
349    45.37    16.82
350    45.14    16.83
351    44.91    16.85
352    44.69    16.87
353    44.46    16.88
354    44.23    16.89
355    44.01    16.91
356    43.78    16.92
357    43.55    16.93
358    43.33    16.95
359    43.10    16.96
360    42.87    16.97
361    42.64    16.98
362    42.41    16.99
363    42.19    17.00
364    41.96    17.01
365    41.73    17.02
366    41.50    17.03
367    41.27    17.04
368    41.04    17.04
369    40.81    17.05
370    40.58    17.06
371    40.35    17.07
372    40.12    17.07
373    39.89    17.08
374    39.66    17.08
375    39.44    17.09
376    39.21    17.09
377    38.98    17.09
378    38.75    17.10
379    38.52    17.10
380    38.29    17.10
381    38.06    17.10
382    37.83    17.10
383    37.60    17.11
384    37.37    17.11
385    37.14    17.11
386    36.91    17.10
387    36.68    17.10
388    36.45    17.10
389    36.22    17.10
390    35.99    17.10
391    35.76    17.09
392    35.53    17.09
393    35.30    17.09
394    35.07    17.08
395    34.84    17.08
396    34.61    17.07
397    34.38    17.07
398    34.15    17.06
399    33.92    17.05
400    33.69    17.05
401    33.46    17.04
402    33.23    17.03
403    33.00    17.02
404    32.78    17.01
405    32.55    17.00
406    32.32    16.99
407    32.09    16.98
408    31.86    16.97
409    31.64    16.96
410    31.41    16.95
411    31.18    16.94
412    30.95    16.92
413    30.73    16.91
414    30.50    16.90
415    30.27    16.88
416    30.05    16.87
417    29.82    16.85
418    29.59    16.84
419    29.37    16.82
420    29.14    16.81
421    28.92    16.79
422    28.69    16.77
423    28.47    16.75
424    28.24    16.74
425    28.02    16.72
426    27.80    16.70
427    27.57    16.68
428    27.35    16.66
429    27.13    16.64
430    26.90    16.62
431    26.68    16.60
432    26.46    16.58
433    26.24    16.56
434    26.02    16.53
435    25.80    16.51
436    25.58    16.49
437    25.36    16.46
438    25.14    16.44
439    24.92    16.42
440    24.70    16.39
441    24.48    16.37
442    24.26    16.34
443    24.04    16.31
444    23.82    16.29
445    23.61    16.26
446    23.39    16.23
447    23.17    16.21
448    22.96    16.18
449    22.74    16.15
450    22.53    16.12
451    22.31    16.09
452    22.10    16.06
453    21.88    16.03
454    21.67    16.00
455    21.46    15.97
456    21.24    15.94
457    21.03    15.91
458    20.82    15.88
459    20.61    15.85
460    20.40    15.82
461    20.19    15.78
462    19.98    15.75
463    19.77    15.72
464    19.56    15.69
465    19.35    15.65
466    19.14    15.62
467    18.94    15.58
468    18.73    15.55
469    18.52    15.51
470    18.32    15.48
471    18.11    15.44
472    17.91    15.40
473    17.70    15.37
474    17.50    15.33
475    17.29    15.29
476    17.09    15.26
477    16.89    15.22
478    16.69    15.18
479    16.49    15.14
480    16.28    15.10
481    16.08    15.07
482    15.88    15.03
483    15.69    14.99
484    15.49    14.95
485    15.29    14.91
486    15.09    14.87
487    14.89    14.83
488    14.70    14.79
489    14.50    14.74
490    14.31    14.70
491    14.11    14.66
492    13.92    14.62
493    13.72    14.58
494    13.53    14.54
495    13.34    14.49
496    13.15    14.45
497    12.95    14.41
498    12.76    14.36
499    12.57    14.32
500    12.38    14.28
501    12.19    14.23
502    12.01    14.19
503    11.82    14.14
504    11.63    14.10
505    11.44    14.05
506    11.26    14.01
507    11.07    13.96
508    10.89    13.92
509    10.70    13.87
510    10.52    13.83
511    10.34    13.78
512    10.15    13.73
513     9.97    13.69
514     9.79    13.64
515     9.61    13.59
516     9.43    13.55
517     9.25    13.50
518     9.07    13.45
519     8.89    13.40
520     8.71    13.35
521     8.53    13.31
522     8.36    13.26
523     8.18    13.21
524     8.01    13.16
525     7.83    13.11
526     7.66    13.06
527     7.48    13.01
528     7.31    12.97
529     7.14    12.92
530     6.96    12.87
531     6.79    12.82
532     6.62    12.77
533     6.45    12.72
534     6.28    12.67
535     6.11    12.62
536     5.94    12.57
537     5.78    12.52
538     5.61    12.46
539     5.44    12.41
540     5.28    12.36
541     5.11    12.31
542     4.95    12.26
543     4.78    12.21
544     4.62    12.16
545     4.45    12.11
546     4.29    12.05
547     4.13    12.00
548     3.97    11.95
549     3.81    11.90
550     3.65    11.85
551     3.49    11.79
552     3.33    11.74
553     3.17    11.69
554     3.01    11.64
555     2.85    11.58
556     2.70    11.53
557     2.54    11.48
558     2.39    11.43
559     2.23    11.37
560     2.08    11.32
561     1.92    11.27
562     1.77    11.21
563     1.62    11.16
564     1.46    11.11
565     1.31    11.05
566     1.16    11.00
567     1.01    10.94
568     0.86    10.89
569     0.71    10.84
570     0.56    10.78
571     0.41    10.73
572     0.27    10.68
573     0.12    10.62
574    359.97    10.57
575    359.83    10.51
576    359.68    10.46
577    359.54    10.40
578    359.39    10.35
579    359.25    10.30
580    359.11    10.24
581    358.96    10.19
582    358.82    10.13
583    358.68    10.08
584    358.54    10.02
585    358.40     9.97
586    358.26     9.91
587    358.12     9.86
588    357.98     9.80
589    357.84     9.75
590    357.70     9.69
591    357.57     9.64
592    357.43     9.58
593    357.29     9.53
594    357.16     9.47
595    357.02     9.42
596    356.89     9.36
597    356.75     9.31
598    356.62     9.25
599    356.49     9.20
600    356.35     9.14
601    356.22     9.09
602    356.09     9.03
603    355.96     8.98
604    355.83     8.92
605    355.70     8.87
606    355.57     8.81
607    355.44     8.75
608    355.31     8.70
609    355.19     8.64
610    355.06     8.59
611    354.93     8.53
612    354.80     8.48
613    354.68     8.42
614    354.55     8.37
615    354.43     8.31
616    354.30     8.26
617    354.18     8.20
618    354.06     8.14
619    353.93     8.09
620    353.81     8.03
621    353.69     7.98
622    353.57     7.92
623    353.45     7.87
624    353.33     7.81
625    353.21     7.76
626    353.09     7.70
627    352.97     7.65
628    352.85     7.59
629    352.73     7.53
630    352.61     7.48
631    352.49     7.42
632    352.38     7.37
633    352.26     7.31
634    352.15     7.26
635    352.03     7.20
636    351.92     7.15
637    351.80     7.09
638    351.69     7.04
639    351.57     6.98
640    351.46     6.92
641    351.35     6.87
642    351.23     6.81
643    351.12     6.76
644    351.01     6.70
645    350.90     6.65
646    350.79     6.59
647    350.68     6.54
648    350.57     6.48
649    350.46     6.43
650    350.35     6.37
651    350.24     6.32
652    350.14     6.26
653    350.03     6.21
654    349.92     6.15
655    349.81     6.10
656    349.71     6.04
657    349.60     5.99
658    349.50     5.93
659    349.39     5.88
660    349.29     5.82
661    349.18     5.77
662    349.08     5.71
663    348.98     5.66
664    348.87     5.60
665    348.77     5.55
666    348.67     5.49
667    348.57     5.44
668    348.47     5.38
669    348.36     5.33
670    348.26     5.27
671    348.16     5.22
672    348.06     5.16
673    347.96     5.11
674    347.87     5.06
675    347.77     5.00
676    347.67     4.95
677    347.57     4.89
678    347.47     4.84
679    347.38     4.78
680    347.28     4.73
681    347.18     4.67
682    347.09     4.62
683    346.99     4.57
684    346.90     4.51
685    346.80     4.46
686    346.71     4.40
687    346.61     4.35
688    346.52     4.30
689    346.43     4.24
690    346.33     4.19
691    346.24     4.13
692    346.15     4.08
693    346.06     4.03
694    345.96     3.97
695    345.87     3.92
696    345.78     3.86
697    345.69     3.81
698    345.60     3.76
699    345.51     3.70
700    345.42     3.65
701    345.33     3.60
702    345.24     3.54
703    345.15     3.49
704    345.07     3.44
705    344.98     3.38
706    344.89     3.33
707    344.80     3.28
708    344.72     3.22
709    344.63     3.17
710    344.54     3.12
711    344.46     3.06
712    344.37     3.01
713    344.29     2.96
714    344.20     2.90
715    344.12     2.85
716    344.03     2.80
717    343.95     2.74
718    343.87     2.69
719    343.78     2.64
720    343.70     2.59
721    343.62     2.53
722    343.54     2.48
723    343.45     2.43
724    343.37     2.38
725    343.29     2.32
726    343.21     2.27
727    343.13     2.22
728    343.05     2.17
729    342.97     2.11
730    342.89     2.06
731    342.81     2.01
732    342.73     1.96
733    342.65     1.90
734    342.57     1.85
735    342.49     1.80
736    342.41     1.75
737    342.34     1.70
738    342.26     1.64
739    342.18     1.59
740    342.10     1.54
741    342.03     1.49
742    341.95     1.44
743    341.88     1.39
744    341.80     1.33
745    341.72     1.28
746    341.65     1.23
747    341.57     1.18
748    341.50     1.13
749    341.42     1.08
750    341.35     1.02
751    341.28     0.97
752    341.20     0.92
753    341.13     0.87
754    341.06     0.82
755    340.98     0.77
756    340.91     0.72
757    340.84     0.67
758    340.77     0.61
759    340.69     0.56
760    340.62     0.51
761    340.55     0.46
762    340.48     0.41
763    340.41     0.36
764    340.34     0.31
765    340.27     0.26
766    340.20     0.21
767    340.13     0.16
768    340.06     0.11
769    339.99     0.06
770    339.92     0.01
